@subtask samples
manual sample1.in
manual sample2.in
manual sample3.in

@subtask s1
gen 2 200000 2 1 
gen 100000 99999 2 1
gen 100000 100001 2 1
gen 100000 100100 2 1
gen 100000 200000 1 1
gen 100000 200000 2 1
gen 100000 200000 2 -1000
gen 100000 200000 2 1000

@subtask s2
gen 2 2000 10 1
gen 100 2000 10 1
gen 400 2000 10 1
gen 500 2000 10 1
gen 600 2000 10 1
gen 700 2000 10 1
gen 900 2000 10 1
gen 1500 2000 10 1
gen 2001 2000 10 1
gen 2001 2000 2 1
gen 600 2000 10 1000
gen 600 2000 10 -1000

@subtask s3
@include s2
gen 2 20000 10 1
gen 1000 20000 10 1
gen 2000 20000 10 1
gen 3000 20000 10 1
gen 4000 20000 10 1
gen 5000 20000 10 1
gen 6000 20000 10 1
gen 7000 20000 10 1
gen 15000 20000 10 1
gen 20001 20000 10 1
gen 20001 20000 3 1
gen 3000 20000 10 1000
gen 3000 20000 10 -1000

@subtask s4
@include s1
@include s3
gen 2 200000 10  1
gen 10000 200000 10 1
gen 20000 200000 10 1
gen 30000 200000 10 1
gen 40000 200000 10 1
gen 50000 200000 10 1
gen 60000 200000 10 1
gen 70000 200000 10 1
gen 100000 200000 10 1
gen 100000 100001 10 1000
gen 100000 100001 4 1000
gen 30000 200000 10 1000
gen 30000 200000 10 -1000

@subtask s5
@include s3
gen 2 20000 100 1
gen 1000 20000 100 1
gen 2000 20000 100 1
gen 3000 20000 100 1
gen 4000 20000 100 1
gen 5000 20000 100 1
gen 6000 20000 100 1
gen 8000 20000 100 1
gen 15000 20000 100 1
gen 20001 20000 100 1
gen 3000 20000 100 1000
gen 3000 20000 100 -1000

@subtask s6
@include s4
@include s5
gen 2 200000 100  1
gen 10000 200000 100 1
gen 20000 200000 100 1
gen 30000 200000 100 1
gen 40000 200000 100 1
gen 50000 200000 100 1
gen 60000 200000 100 1
gen 90000 200000 100 1
gen 100000 200000 100 1
gen 100000 100001 100 1000
gen 100000 100001 6 1000
gen 30000 200000 100 1000
gen 30000 200000 100 -1000