@subtask samples
manual sample1.in
manual 02.in
manual 03.in


@subtask subtask1
manual 1_time.in
gen 1 84 2 100 2
gen 1 99 1 67 2
gen 2 83 4 78 2
gen 3 92 3 100 2


@subtask subtask2
@include subtask1
manual 2_time.in
gen 5 9735 4 994 2
gen 2 8228 9 933 2
gen 3 6647 1 981 2
gen 4 9341 3 963 2
gen 1 9281 20 1000 2
gen 2 9124 47 982 2
gen 3 8110 12 852 2


@subtask subtask3
@include subtask2
gen 5 978193035 4 9942 2
gen 2 822753298 9 9343 2
gen 3 664831917 1 9881 2
gen 4 934831491 3 9633 2
gen 1 928531881 20 8129 2
gen 2 917391524 47 9822 2
gen 3 811891340 12 8524 2
gen 4 912859634 20 8471 2
gen 1 981235314 2 8482 2
gen 4 841021341 8 9028 2


@subtask subtask4
@include subtask3
manual 3_time.in
manual 4_time.in
gen 1 834109815 1 918471728 2
gen 1 741838139 2 853091475 2
gen 3 471487891 1 748148971 2
gen 2 918424171 4 981247717 2
gen 4 718497461 3 828789142 2
gen 1 981274721 2 984721849 2
gen 1 812951789 1 917438494 2
gen 2 734891471 2 874910428 2
