@subtask samples
manual sample1.in
manual sample2.in
manual sample3.in

@subtask s1
gen 1 -1000000000 1000000000 -1000000000 1000000000
gen 2 -1000000000 1000000000 -1000000000 1000000000
gen 20 -7 -7 -10 10
gen 20 -10 10 77 77
gen 20 -1 1 -1 1
gen 20 -1 1 0 1
gen 20 -10 10 -10 10
gen 20 -10 10 0 10
gen 20 -10 10 -1000000000 1000000000
gen 20 -1000 1000 -1000 1000
gen 20 -1000 1000 0 1000
gen 20 -1000000000 1000000000 -1000000000 1000000000
gen 20 -1000000000 1000000000 0 1000000000
gen 20 -1000000000 1000000000 -1000000000 -1
gen 20 -1000000000 1000000000 -10 10
gen 20 -1000000000 1000000000 0 20
gen 20 -1000000000 -999999990 999999990 1000000000

@subtask s2
gen 200000 1 1 -10 10
gen 200000 2 2 -10 10
gen 200000 1 2 777 777
gen 200000 1 2 -1 1
gen 200000 1 2 0 1
gen 200000 1 2 -10 10
gen 200000 1 2 0 10
gen 200000 1 2 -1000 1000
gen 200000 1 2 0 1000
gen 200000 1 2 -1000000000 1000000000
gen 200000 1 2 0 1000000000
gen 200000 1 2 -1000000000 -1
gen 200000 1 2 999999990 1000000000 

@subtask s3
@include s1
gen 1000 -7 -7 -10 10
gen 1000 -10 10 77 77
gen 1000 -1 1 -1 1
gen 1000 -1 1 0 1
gen 1000 -10 10 -10 10
gen 1000 -10 10 0 10
gen 1000 -10 10 -1000000000 1000000000
gen 1000 -1000 1000 -1000 1000
gen 1000 -1000 1000 0 1000
gen 1000 -1000000000 1000000000 -1000000000 1000000000
gen 1000 -1000000000 1000000000 0 1000000000
gen 1000 -1000000000 1000000000 -1000000000 -1
gen 1000 -1000000000 1000000000 -10 10
gen 1000 -1000000000 1000000000 0 20
gen 1000 -1000000000 -999999990 999999990 1000000000

@subtask s4
@include s2
gen 200000 1 10 -1 1
gen 200000 1 10 -10 10
gen 200000 19990 200000 -100 100
gen 200000 1 200000 777 777
gen 200000 1 200000 -1 1
gen 200000 1 200000 0 1
gen 200000 1 200000 -10 10
gen 200000 1 200000 0 10
gen 200000 1 200000 -1000 1000
gen 200000 1 200000 0 1000
gen 200000 1 200000 -1000000000 1000000000
gen 200000 1 200000 0 1000000000
gen 200000 1 200000 -1000000000 -1
gen 200000 1 200000 999999990 1000000000 

@subtask s5
@include s3
@include s4
gen 200000 -7 -7 -10 10
gen 200000 -10 10 77 77
gen 200000 -1 1 -1 1
gen 200000 -1 1 0 1
gen 200000 -10 10 -10 10
gen 200000 -10 10 0 10
gen 200000 -1000 1000 -1000 1000
gen 200000 -1000 1000 0 1000
gen 200000 -10 10 -1000000000 1000000000
gen 200000 -1000000000 1000000000 -1000000000 1000000000
gen 200000 -1000000000 1000000000 0 1000000000
gen 200000 -1000000000 1000000000 -1000000000 -1
gen 200000 -1000000000 1000000000 -10 10
gen 200000 -1000000000 1000000000 0 20
gen 200000 -1000000000 -999999990 999999990 1000000000